GraphNodesStart
-356.0
-71.0
343.0
-63.0
-324.0
-36.0
-330.0
-103.0
-288.0
-74.0
-283.0
-5.0
-150.0
105.0
-187.0
77.0
6.0
173.0
-261.0
-71.0
-248.0
22.0
-205.0
-66.0
-217.0
53.0
-128.0
114.0
-177.0
-80.0
-123.0
-77.0
-96.0
133.0
-78.0
-71.0
-73.0
147.0
110.0
-68.0
-52.0
156.0
-23.0
-70.0
-32.0
162.0
29.0
-66.0
-9.0
170.0
74.0
-69.0
20.0
175.0
125.0
-67.0
39.0
177.0
142.0
-66.0
65.0
177.0
150.0
-66.0
78.0
177.0
161.0
-64.0
128.0
192.0
182.0
-65.0
231.0
-38.0
232.0
-93.0
157.0
-57.0
246.0
-27.0
253.0
-86.0
319.0
10.0
260.0
-90.0
273.0
-85.0
274.0
-10.0
259.0
-16.0
297.0
-4.0
295.0
-83.0
263.0
119.0
GraphNodesEnd
RoutingNodesStart
-356.0
-71.0
343.0
-63.0
RoutingNodesEnd
HighwayNodesStart
-324.0
-36.0
-330.0
-103.0
HighwayNodesEnd