GraphNodesStart
380.0
-280.0
-380.0
280.0
-243.0
-184.0
-15.0
-179.0
-90.0
138.0
-43.0
-241.0
-10.0
-93.0
300.0
-225.0
22.0
233.0
-22.0
157.0
-37.0
-272.0
-67.0
-13.0
-115.0
-162.0
97.0
151.0
35.0
101.0
292.0
-262.0
-19.0
214.0
251.0
49.0
342.0
-120.0
287.0
-24.0
-292.0
45.0
16.0
-116.0
236.0
186.0
-76.0
12.0
-193.0
252.0
35.0
-10.0
59.0
-164.0
242.0
213.0
255.0
74.0
-13.0
61.0
64.0
-68.0
-27.0
109.0
81.0
-212.0
-323.0
-133.0
194.0
55.0
33.0
-192.0
-353.0
55.0
29.0
169.0
235.0
-217.0
44.0
-11.0
26.0
-196.0
100.0
175.0
-80.0
-43.0
-306.0
193.0
289.0
202.0
-328.0
-79.0
350.0
-8.0
-71.0
-22.0
-296.0
47.0
201.0
-62.0
-371.0
258.0
-294.0
-271.0
GraphNodesEnd
RoutingNodesStart
380.0
-280.0
-380.0
280.0
RoutingNodesEnd
HighwayNodesStart
-243.0
-184.0
-15.0
-179.0
HighwayNodesEnd